platform
492
500
460
40
pillar
492
192
40
340
pillar
911
378
40
160
platform
651
302
160
40
platform
263
237
160
40
platform
98
435
160
40
platform
306
656
160
40
platform
538
792
160
40
platform
944
786
1480
40
pillar
1357
716
40
160
pillar
944
757
40
160
wolf
1248
735
86
50
wolf
1003
737
86
50
pillar
1495
659
40
160
pillar
1643
597
40
160
pillar
1820
534
40
160
wolf
1554
747
26
-10
wolf
1397
736
26
50
pillar
1989
476
40
160
wolf
2118
733
86
50
wolf
1881
736
86
50
wolf
1723
738
86
50
pillar
2149
435
40
160
pillar
2308
395
40
160
platform
2489
428
160
40
platform
2778
426
160
40
platform
3066
424
160
40
pillar
3183
301
40
160
flag
3169
202
40
100
