pillar2
10
510
6051
4860
pillar2
873
344
240
660
lava
1113
354
5350
210
platform
1195
283
160
40
platform
1456
186
160
40
platform
1650
331
160
40
platform
1943
186
160
40
platform
2107
319
160
40
platform
2336
234
160
40
platform
2593
122
160
40
platform
2883
314
160
40
platform
3141
219
160
40
pillar
3376
113
40
160
platform
3535
247
160
40
platform
4724
157
160
40
platform
5017
226
160
40
platform
5316
132
160
40
platform
6604
348
160
40
platform
6797
474
160
40
platform
7012
609
160
40
pillar2
6058
813
6051
4860
pillar2
6060
561
540
460
wolf
6772
661
286
150
invWall
12067
653
40
160
invWall
874
231
40
160
invWall
1072
250
40
160
charger
1014
313
30
30
pillar
5686
215
5
60
pillar
5848
148
5
60
pillar
6000
110
5
60
pillar
6167
219
5
60
pillar
6316
218
5
60
platform
3867
247
755
40
pirate
4238
150
40
90
invWall
3878
106
40
160
invWall
4575
97
40
160
charger
4388
202
30
30
invWall
7678
655
40
160
invWall
9023
651
40
160
charger
8271
686
135
100
wolf
10059
694
156
120
wolf
10233
762
51
50
wolf
10303
762
51
50
wolf
10373
763
51
50
platform2
12497
1028
160
40
platform2
12293
922
160
40
platform2
12791
1110
160
40
platform2
13059
1024
160
40
pillar2
13342
1142
40
160
pillar2
13532
1345
40
160
platform2
13883
1426
405
145
pirate
13953
1324
40
90
invWall
13884
1370
40
160
invWall
14249
1358
40
160
pirate
14163
1294
75
125
pirate
8049
717
145
90
wolf
10439
782
31
30
wolf
7820
776
31
30
platform
14447
1330
160
40
shortSword
1657
295
30
30
grass
18
503
862
10
barrel
175
448
50
60
barrel
4094
189
50
60
barrel
4389
188
50
60
boulder
6534
717
150
125
boulder
7115
789
150
125
boulder
7878
784
150
125
barrel
8541
755
50
60
barrel
8581
754
50
60
barrel
8557
698
50
60
cactus
9308
757
40
59
cactus
9308
719
40
59
palmTree
9641
418
350
407
palmTree
9943
415
350
407
palmTree
10707
420
350
407
boulder
11655
774
150
125
boulder
14022
1415
150
125
barrel
14038
1370
50
60
barrel
14105
1372
50
60
barrel
14068
1317
50
60
platform
-1882
5791
26000
40
platform
24073
3203
24
6704
platform
-1884
1868
24
6704
lava
-1860
5604
15896
192
lava
14034
5603
5492
192
lava
19522
5607
5492
192
coin
1310
233
30
30
coin
1365
172
30
30
coin
1476
120
30
30
coin
1566
117
30
30
coin
1519
64
30
30
coin
2139
278
30
30
coin
2172
231
30
30
coin
2211
286
30
30
coin
3382
35
30
30
coin
3382
-5
30
30
coin
3382
-45
30
30
coin
3383
77
30
30
coin
4020
200
30
30
coin
4060
141
30
30
coin
4120
141
30
30
coin
4168
204
30
30
coin
4786
101
30
30
coin
4788
52
30
30
coin
4787
9
30
30
coin
5989
58
30
30
coin
5989
24
30
30
coin
5990
-10
30
30
coin
6614
570
30
30
coin
6614
615
30
30
coin
6613
659
30
30
coin
7612
758
30
30
coin
9312
666
30
30
coin
9902
774
30
30
coin
9938
731
30
30
coin
9972
774
30
30
coin
10590
771
30
30
coin
10590
733
30
30
coin
10587
695
30
30
coin
12234
833
30
30
coin
12235
785
30
30
coin
12236
880
30
30
coin
12460
979
30
30
coin
12706
1052
30
30
coin
12752
1074
30
30
coin
12991
1064
30
30
coin
13538
1293
30
30
coin
13538
1252
30
30
coin
13538
1205
30
30
coin
13696
1296
30
30
medKit
6719
778
30
30
medKit
4285
210
30
30
pillar
7274
432
40
160
pillar
7380
332
40
160
pillar
7461
210
40
160
pillar
7563
91
40
160
platform2
7603
90
160
40
platform2
7762
91
160
40
platform2
7916
91
160
40
platform2
8075
91
160
40
pillar2
8192
84
40
160
pillar2
7603
79
40
160
barrel
8137
27
50
60
barrel
8076
26
50
60
coin
8089
-10
30
30
coin
8143
-9
30
30
coin
8143
-51
30
30
coin
8086
-50
30
30
coin
8114
-82
30
30
coin
8073
-96
30
30
coin
8106
-129
30
30
coin
8153
-97
30
30
coin
8145
-131
30
30
coin
8060
-135
30
30
pirate
7839
-9
40
90
pirate
7718
-7
40
90
pirate
7784
-7
40
90
medKit
8032
56
30
30
medKit
8030
36
30
30
invWall
7607
-78
40
160
invWall
8199
-76
40
160
flag
245
404
40
100
palmTree
272
111
350
407
coin
537
447
30
30
wolf
11459
738
121
50
platform3
14678
1411
610
40
platform3
15288
1411
610
40
platform3
15898
1410
610
40
platform2
15284
1372
160
40
platform2
15443
1370
160
40
platform2
15356
1331
160
40
platform2
15354
1293
160
40
platform2
15354
1257
160
40
shootter
15244
1371
40
40
pirate
15068
1317
40
90
pirate
15904
1319
40
90
invWall
15114
1249
40
160
invWall
15778
1250
40
160
spikes
15614
1369
89
40
spikes
15151
1370
89
40
archer
15413
1172
38
81
palmTree
15686
1017
350
407
palmTree
14919
1013
350
407
coin
14568
1265
30
30
coin
14457
1268
30
30
palmTree
14353
935
350
407
coin
15313
1337
30
30
coin
15313
1303
30
30
coin
15313
1267
30
30
coin
15544
1334
30
30
coin
15544
1301
30
30
coin
15543
1269
30
30
medKit
14686
1376
30
30
flag
16189
1308
40
100
pillar3
16459
585
41
881
