grass
513
499
520
40
pillar
1076
555
40
160
pillar
1306
609
40
160
pillar
1594
763
40
160
pillar
1840
765
40
160
platform
1988
865
760
40
wolf
2173
815
446
50
pillar
1988
793
40
160
pillar
2710
790
40
160
platform
2863
752
160
40
platform
3114
691
160
40
platform
3331
612
160
40
pillar
3566
636
40
160
platform
3789
620
160
40
platform
4277
609
160
40
pillar
4097
629
40
160
pillar
4592
620
40
160
platform
4795
599
160
40
pillar
5045
508
40
160
platform
5166
472
160
40
pillar
5399
392
40
160
platform
5533
378
160
40
pillar
5716
275
40
160
pillar
5884
421
40
160
pillar
6081
427
40
160
pillar
6273
422
40
160
pillar
6478
423
40
160
pillar
6666
423
40
160
pillar
6863
420
40
160
pillar
7044
419
40
160
platform
7238
421
160
40
platform
7520
419
160
40
flag
7608
330
40
100
