platform
287
472
918
40
platform
351
807
880
40
invWall
363
660
40
160
invWall
1185
671
40
160
pirate
473
713
40
90
pirate
592
702
40
90
pirate
777
692
40
90
pirate
915
697
40
90
pirate
709
697
40
90
pirate
1095
697
40
90
pirate
433
695
40
90
wolf
523
703
86
50
wolf
651
673
86
50
wolf
901
639
86
50
wolf
640
676
86
50
charger
551
687
30
30
wolf
794
684
86
50
grass
393
928
40
40
grass
437
938
40
40
grass
460
913
40
40
grass
477
907
40
40
grass
510
912
40
40
grass
545
898
40
40
grass
579
884
40
40
grass
611
874
40
40
grass
643
869
40
40
grass
676
867
40
40
grass
708
866
40
40
grass
738
868
40
40
grass
764
878
40
40
grass
795
866
40
40
