pillar2
10
510
6051
4860
pillar2
873
344
240
660
lava
1113
354
5350
210
platform
1195
283
160
40
platform
1456
186
160
40
platform
1650
331
160
40
platform
1943
186
160
40
platform
2107
319
160
40
platform
2336
234
160
40
platform
2593
122
160
40
platform
2883
314
160
40
platform
3141
219
160
40
pillar
3376
113
40
160
platform
3535
247
160
40
platform
4724
157
160
40
platform
5017
226
160
40
platform
5316
132
160
40
platform
6604
348
160
40
platform
6797
474
160
40
platform
7012
609
160
40
pillar2
6058
813
6051
4860
pillar2
6060
561
540
460
wolf
6772
661
286
150
invWall
12067
653
40
160
invWall
874
231
40
160
invWall
1072
250
40
160
charger
1014
313
30
30
pillar
5686
215
5
60
pillar
5848
148
5
60
pillar
6000
110
5
60
pillar
6167
219
5
60
pillar
6316
218
5
60
platform
3867
247
755
40
pirate
4238
150
40
90
invWall
3878
106
40
160
invWall
4575
97
40
160
charger
4388
202
30
30
invWall
7678
655
40
160
invWall
9023
651
40
160
charger
8271
686
135
100
wolf
10059
694
156
120
wolf
10233
762
51
50
wolf
10303
762
51
50
wolf
10373
763
51
50
wolf
11260
753
751
50
platform2
12497
1028
160
40
platform2
12293
922
160
40
platform2
12791
1110
160
40
platform2
13059
1024
160
40
pillar2
13342
1142
40
160
pillar2
13532
1345
40
160
platform2
13883
1426
405
145
pirate
13953
1324
40
90
invWall
13884
1370
40
160
invWall
14249
1358
40
160
pirate
14163
1294
75
125
pirate
8049
717
145
90
wolf
10439
782
31
30
wolf
7820
776
31
30
platform
14447
1330
160
40
flag
14556
1233
40
100
shortSword
1657
295
30
30
grass
18
503
862
10
palmTree
162
109
350
407
cactus
423
450
40
59
barrel
175
448
50
60
barrel
4094
189
50
60
barrel
4389
188
50
60
cactus
7528
21
40
59
boulder
6534
717
150
125
boulder
7115
789
150
125
boulder
7878
784
150
125
barrel
8541
755
50
60
barrel
8581
754
50
60
barrel
8557
698
50
60
cactus
9308
757
40
59
cactus
9308
719
40
59
palmTree
9641
418
350
407
palmTree
9943
415
350
407
palmTree
10707
420
350
407
boulder
11655
774
150
125
boulder
14022
1415
150
125
barrel
14038
1370
50
60
barrel
14105
1372
50
60
barrel
14068
1317
50
60
palmTree
14337
937
350
407
platform
-1882
5791
26000
40
platform
24073
3203
24
6704
platform
-1884
1868
24
6704
lava
-1860
5604
15896
192
lava
14034
5603
5492
192
lava
19522
5607
5492
192
