grass
417
500
613
40
pillar
1115
427
40
340
pillar
1270
388
40
380
grass
722
1236
1020
40
pillar
629
1175
40
160
pillar
517
1086
40
160
pillar
410
1018
40
160
pillar
311
958
40
160
pillar
212
909
40
160
pillar
114
848
40
160
pillar
21
765
40
160
pillar
-57
718
40
160
pillar
-137
660
40
160
pillar
1416
344
40
500
pillar
1553
343
40
160
pillar
1734
340
40
160
pillar
1931
425
40
160
pillar
2118
347
40
160
pillar
2321
427
40
160
pillar
2476
341
40
160
platform
2608
349
560
40
pillar
2608
342
40
160
pillar
3127
338
40
160
wolf
3029
299
86
50
charger
2786
318
30
30
platform
3323
350
460
40
pillar
3322
341
40
160
shortSword
3221
124
55
57
pillar
3227
265
40
160
pillar
3646
225
40
160
pillar
3471
230
40
160
charger
3582
321
30
30
charger
3711
323
30
30
pillar
3775
194
40
160
pillar
3925
114
40
160
pillar
4076
17
40
160
grass
1741
1236
2440
40
wolf
1928
1157
86
50
wolf
2812
1176
86
50
wolf
1214
1177
86
50
wolf
873
1177
86
50
pillar
724
1220
40
160
pillar
1558
1223
40
160
wolf
2324
1186
86
50
wolf
3564
1187
86
50
pillar
3302
1224
40
160
pillar
4140
1223
40
160
platform
66
593
160
40
platform
257
530
160
40
pillar
4202
-67
40
160
pillar
4314
-140
40
160
platform
4313
18
480
40
charger
4591
-27
30
30
charger
4700
-33
30
30
charger
4448
-11
30
30
charger
4533
-34
30
30
charger
4643
-28
30
30
platform
4790
18
300
40
pillar
4767
-18
40
160
pillar
4917
-76
40
160
pillar
5046
-126
40
160
charger
4850
-18
30
30
charger
4991
-17
30
30
pillar
5180
-195
40
160
pillar
5298
-258
40
160
pillar
5415
-306
40
160
pillar
5512
-361
40
160
pillar
5603
-406
40
160
pillar
5713
-443
40
160
grass
4177
1236
2440
40
platform
5808
-341
160
40
pillar
6007
-298
40
160
pillar
6142
-258
40
160
pillar
6290
-214
40
160
pillar
6432
-281
40
160
pillar
6564
-357
40
160
pillar
6690
-302
40
160
pillar
6823
-225
40
160
pillar
6974
-268
40
160
pillar
7105
-328
40
160
wolf
4261
1185
626
50
wolf
5176
907
86
330
wolf
5794
812
586
430
pillar
6577
1222
40
160
platform
7279
-129
560
40
pillar
7797
-118
40
340
platform
7836
182
720
40
charger
7932
152
270
30
pillar
8326
114
40
160
platform
8556
182
620
40
charger
8808
-48
150
230
flag
9108
82
40
100
