grass
-196
503
1729
40
platform
771
414
160
40
platform
967
348
160
40
platform
1171
288
160
40
platform
1372
230
160
40
pillar
1577
187
40
160
platform
1695
125
160
40
platform
2003
180
424
40
pillar
1868
-208
-136
160
pillar
2004
87
40
110
pillar
2161
89
40
110
pillar
2386
88
40
110
charger
2086
127
30
30
charger
2291
136
30
30
shortSword
1746
77
30
34
platform
2465
184
835
90
pillar
2466
107
40
160
pillar
3261
103
40
160
wolf
2736
127
86
50
platform
3068
29
160
40
platform
2832
-56
160
40
platform
2591
-180
160
40
platform
2814
-301
160
40
platform
3000
-441
160
40
platform
2584
-551
160
40
platform
2911
-656
160
40
platform
2593
-802
160
40
platform
2159
-860
260
40
flag
2249
-959
40
100
