pillar2
10
510
6051
4860
pillar2
873
344
240
660
lava
1113
354
5350
210
platform
1195
283
160
40
platform
1456
186
160
40
platform
1650
331
160
40
platform
1943
186
160
40
platform
2107
319
160
40
platform
2336
234
160
40
platform
2593
122
160
40
platform
2883
314
160
40
platform
3141
219
160
40
pillar
3376
113
40
160
platform
3535
247
160
40
platform
4724
157
160
40
platform
5017
226
160
40
platform
5316
132
160
40
platform
6604
348
160
40
platform
6797
474
160
40
platform
7012
609
160
40
pillar2
6058
813
6051
4860
pillar2
6060
561
540
460
wolf
6772
661
286
150
invWall
12067
653
40
160
invWall
874
231
40
160
invWall
1072
250
40
160
charger
1014
313
30
30
pillar
5686
215
5
60
pillar
5848
148
5
60
pillar
6000
110
5
60
pillar
6167
219
5
60
pillar
6316
218
5
60
platform
3867
247
755
40
pirate
4238
150
40
90
invWall
3878
106
40
160
invWall
4575
97
40
160
charger
4388
202
30
30
invWall
7678
655
40
160
invWall
9023
651
40
160
charger
8271
686
135
100
shortSword
927
286
5
7
wolf
10059
694
156
120
wolf
10233
762
51
50
wolf
10303
762
51
50
wolf
10373
763
51
50
wolf
11260
753
751
50
platform2
12497
1028
160
40
platform2
12293
922
160
40
platform2
12791
1110
160
40
platform2
13059
1024
160
40
pillar2
13342
1142
40
160
pillar2
13532
1345
40
160
platform2
13883
1426
405
145
pirate
13953
1324
40
90
invWall
13884
1370
40
160
invWall
14249
1358
40
160
pirate
14163
1294
75
125
pirate
8049
717
145
90
wolf
10439
782
31
30
wolf
7820
776
31
30
platform
14447
1330
160
40
flag
14556
1233
40
100
