grass
613
527
200
40
pillar
812
484
40
80
pillar
586
490
40
80
grass
237
531
200
40
pillar
398
499
40
160
pillar
207
493
40
160
charger
309
484
30
30
shortSword
776
471
30
34
platform
919
472
160
40
platform
1099
349
160
40
platform
1243
246
160
40
platform
1339
158
160
40
platform
1461
55
160
40
platform
1580
-73
160
40
pillar
1865
-100
40
480
pillar
2016
-96
40
520
pillar
2196
-95
40
380
grass
2409
-33
840
60
pillar
2415
-54
40
160
pillar
3207
-56
40
160
wolf
2544
-89
86
50
wolf
2810
-92
86
50
wolf
2990
-98
86
50
platform
3429
-89
160
40
flag
3476
-187
40
100
