grass
737
837
200
40
pillar
936
794
40
80
platform
1043
782
160
40
platform
1223
659
160
40
platform
1367
556
160
40
pillar
2140
214
40
520
pillar
2320
215
40
380
pillar
2539
256
40
160
platform
3553
221
160
40
flag
3600
123
40
100
pillar
658
343
40
160
grass
658
501
200
40
grass
854
501
200
40
pillar
452
595
40
160
shortSword
1018
457
30
34
wolf
769
786
86
50
platform
1526
557
160
40
platform
1684
555
160
40
pillar
1838
435
40
160
pillar
1367
547
40
160
platform
1046
539
160
40
platform
577
835
160
40
flag
435
505
40
100
grass
380
835
200
40
pillar
380
822
40
160
wolf
479
775
86
50
wolf
623
775
86
50
pillar
411
448
40
160
platform
146
636
160
40
pillar
314
712
40
80
platform
287
516
160
40
pillar
1799
508
40
160
wolf
1716
504
86
50
platform
1869
332
160
40
pillar
2027
242
40
480
grass
1835
796
200
40
grass
2033
795
200
40
grass
2231
795
200
40
grass
2429
795
200
40
pillar
1835
655
40
160
pillar
2587
669
40
160
pillar
2585
511
40
160
wolf
2448
723
86
50
wolf
1916
723
86
50
wolf
2056
721
86
50
wolf
2261
716
86
50
grass
2577
316
200
40
grass
2789
417
200
40
grass
3029
492
200
40
grass
3300
544
200
40
grass
3608
485
200
40
grass
3839
387
200
40
platform
3658
257
160
40
pillar
3029
478
40
160
pillar
3189
479
40
160
pillar
3300
529
40
160
pillar
3459
530
40
160
pillar
3610
471
40
160
pillar
3767
472
40
160
pillar
2737
304
40
160
charger
2649
287
30
30
charger
3107
463
30
30
charger
3376
515
30
30
charger
3688
454
30
30
pillar
3350
299
40
160
