grass
560
500
200
40
pillar
560
342
40
160
pillar
559
183
40
160
grass
759
501
200
40
platform
988
414
160
40
platform
1197
335
160
40
platform
962
47
160
40
platform
738
-38
160
40
platform
442
-35
160
40
platform
97
-35
160
40
platform
-221
-33
160
40
platform
-542
-31
160
40
platform
-176
402
160
40
platform
14
491
160
40
platform
203
579
160
40
platform
396
666
160
40
platform
640
753
160
40
platform
913
741
160
40
platform
1200
737
160
40
grass
958
501
200
40
grass
1158
501
200
40
grass
1357
501
200
40
grass
1555
500
200
40
flag
1307
639
40
100
platform
1455
253
160
40
platform
1124
134
160
40
