grass
2081
713
200
40
pillar
2280
670
40
80
pillar
2054
676
40
80
grass
1705
717
200
40
pillar
1866
685
40
160
pillar
1675
679
40
160
platform
2387
658
160
40
platform
2567
535
160
40
platform
2711
432
160
40
platform
2807
344
160
40
platform
2929
241
160
40
platform
3048
113
160
40
pillar
3333
86
40
480
pillar
3484
90
40
520
pillar
3664
91
40
380
grass
3877
153
840
60
pillar
3883
132
40
160
pillar
4675
130
40
160
platform
1263
412
160
40
platform
1434
487
160
40
platform
1555
588
160
40
platform
2544
658
160
40
platform
2702
658
160
40
platform
2859
659
160
40
platform
3014
659
160
40
platform
3168
659
160
40
platform
3327
659
160
40
wolf
3388
607
86
50
pillar
3485
609
40
160
wolf
4566
103
86
50
charger
4459
116
30
30
charger
4358
115
30
30
charger
4215
113
30
30
charger
4075
115
30
30
platform
4854
188
160
40
flag
4966
98
40
100
shortSword
1869
625
30
34
charger
2247
679
30
30
pillar
2388
642
40
160
grass
679
502
200
40
grass
482
503
200
40
pillar
444
382
40
160
pillar
443
222
40
160
platform
914
423
160
40
platform
1073
351
160
40
